{"nbformat":4,"nbformat_minor":0,"metadata":{"colab":{"name":"Week4_62011212054_DS.ipynb","provenance":[],"collapsed_sections":[],"authorship_tag":"ABX9TyNvsDI89kidhKVCch6Xn7tU"},"kernelspec":{"name":"python3","display_name":"Python 3"},"language_info":{"name":"python"}},"cells":[{"cell_type":"code","metadata":{"colab":{"base_uri":"https://localhost:8080/"},"id":"9_ddsaxeylJa","executionInfo":{"status":"ok","timestamp":1626771861654,"user_tz":-420,"elapsed":386,"user":{"displayName":"ปฏิรพ สมบัติกําไร","photoUrl":"https://lh3.googleusercontent.com/a-/AOh14GjfR2lY1RBGubiXw6F7gF-f6XyHhk1GsuM0E5lemA=s64","userId":"01116145573140747571"}},"outputId":"c5081b65-4aea-40e9-e636-58233d4be9fb"},"source":["import numpy as np\n","import math\n","\n","def dist(a,b):\n","  return ( (a[0]-b[0])**2 + (a[1]-b[1])**2 )**(1/2)\n","\n","def roundList(elist):\n","  for i in range(len(elist)):\n","    for j in range(len(elist[0])):\n","      elist[i,j] = round(elist[i,j],5)\n","  return elist\n","\n","# DONE\n","def fuzzyCMeans(data):\n","  k1 = (6,7)\n","  k2 = (1,10)\n","  k3 = (7,5)\n","  k=3\n","  n = len(data)\n","  partition = np.random.rand(n,k)\n","  part_sum_row = partition.sum(axis=1)\n","\n","  norm_part = partition/part_sum_row[:,np.newaxis]\n","  print(part_sum_row)\n","  \n","  norm_part_temp=[]\n","\n","  iter = 150\n","  print(\"Start>>>\")\n","  for cycle in range(iter):\n","    norm_part_temp = norm_part.copy()\n","    print(\"\\n>>> Current Loop \",cycle,\".\")\n","    print(\"Patrition Matrix [ Before Update ]\")\n","    print(norm_part)\n","    # calculate new k-means\n","    new_k=[]\n","    for j in range(k):\n","      ki1=0\n","      ki2=0\n","      sum_p=0\n","      for i in range(n):\n","        ki1 = ki1 + data[i][0] * (norm_part[i,j])**2\n","        ki2 = ki2 + data[i][1] * (norm_part[i,j])**2\n","        sum_p = sum_p+((norm_part[i,j])**2)\n","      ki1_new = ki1/sum_p\n","      ki2_new = ki2/sum_p\n","      new_k.append((ki1_new,ki2_new))\n","\n","    print(\".\")\n","    print(\"New K-Means >>> \",new_k)\n","\n","    # update partition\n","    for i in range(n):\n","      for j in range(k):\n","        x=dist(data[i],new_k[j])\n","        ki0=dist(data[i],new_k[0])\n","        ki1=dist(data[i],new_k[1])\n","        ki2=dist(data[i],new_k[2])\n","        norm_part[i,j] = 1/( (x/(ki0+ki1+ki2))**2 )\n","\n","    # print(\"\\SS>>>\\n\",norm_part)\n","    # print(\"\\nTemp>>>\\n\",norm_part_temp)\n","    print(\"Patrition Matrix [ After Update ]\")\n","    part_sum_row = norm_part.sum(axis=1)\n","    norm_part_new = norm_part/part_sum_row[:,np.newaxis]\n","\n","    norm_part_temp = roundList(norm_part_temp)\n","    norm_part_new = roundList(norm_part_new)\n","\n","    # print(\"temp = \\n\",norm_part_temp)\n","    # print(norm_part_new)\n","\n","    isTrue = norm_part_new == norm_part_temp\n","    # print(isTrue)\n","    # print(isTrue.all())\n","\n","    if isTrue.all():\n","      print(cycle,\"________END of Cycle________\")\n","      break\n","    else:\n","      # print(\"isTrue = \",isTrue)\n","      norm_part = norm_part_new\n","      print(norm_part)\n","      print(\"Continue>>\")\n","\n","  print(\"\\nOutput:\\nK-Means >> \",new_k)    \n","  print(\"Partition Matrix\")\n","  print(norm_part_new)\n","\n","data = [(7,8),(25,16),(13,2),(9,17),(1,1),(15,7),(8,1),(9,2),(11,7),(1,7)]\n","\n","fuzzyCMeans(data)\n","\n","\n"],"execution_count":233,"outputs":[{"output_type":"stream","text":["[1.32539055 1.08857041 1.44470204 1.27911697 0.96604304 1.17452573\n"," 1.50238282 1.16466523 1.50509832 1.16709701]\n","Start>>>\n","\n",">>> Current Loop  0 .\n","Patrition Matrix [ Before Update ]\n","[[0.44467487 0.19753289 0.35779224]\n"," [0.15438886 0.43898811 0.40662303]\n"," [0.09342469 0.23874358 0.66783172]\n"," [0.51594003 0.12673856 0.3573214 ]\n"," [0.48853993 0.1627505  0.34870958]\n"," [0.30330414 0.54829902 0.14839684]\n"," [0.55639538 0.41205417 0.03155045]\n"," [0.18028017 0.11430993 0.70540991]\n"," [0.22906565 0.37602407 0.39491028]\n"," [0.53883909 0.00077624 0.46038467]]\n",".\n","New K-Means >>>  [(6.444530442975473, 6.7212878264407365), (14.164622199081187, 7.424673873075063), (10.037771972347382, 5.6358702076982805)]\n","Patrition Matrix [ After Update ]\n","[[0.85558 0.03219 0.11223]\n"," [0.21962 0.49505 0.28533]\n"," [0.16427 0.34828 0.48745]\n"," [0.35596 0.33738 0.30665]\n"," [0.52763 0.15337 0.31899]\n"," [0.01147 0.95681 0.03173]\n"," [0.35534 0.15756 0.4871 ]\n"," [0.28331 0.14555 0.57114]\n"," [0.09508 0.19425 0.71067]\n"," [0.65485 0.11218 0.23297]]\n","Continue>>\n","\n",">>> Current Loop  1 .\n","Patrition Matrix [ Before Update ]\n","[[0.85558 0.03219 0.11223]\n"," [0.21962 0.49505 0.28533]\n"," [0.16427 0.34828 0.48745]\n"," [0.35596 0.33738 0.30665]\n"," [0.52763 0.15337 0.31899]\n"," [0.01147 0.95681 0.03173]\n"," [0.35534 0.15756 0.4871 ]\n"," [0.28331 0.14555 0.57114]\n"," [0.09508 0.19425 0.71067]\n"," [0.65485 0.11218 0.23297]]\n",".\n","New K-Means >>>  [(5.580508546625598, 6.714025461122336), (15.368987170541242, 8.544574570160167), (10.064973733231716, 5.081698272169269)]\n","Patrition Matrix [ After Update ]\n","[[0.79555 0.0415  0.16296]\n"," [0.18257 0.57027 0.24716]\n"," [0.14574 0.23247 0.62179]\n"," [0.34854 0.36545 0.28601]\n"," [0.57265 0.1166  0.31074]\n"," [0.02539 0.89417 0.08044]\n"," [0.31384 0.10865 0.57751]\n"," [0.21754 0.08847 0.69399]\n"," [0.11314 0.15518 0.73169]\n"," [0.74284 0.07492 0.18224]]\n","Continue>>\n","\n",">>> Current Loop  2 .\n","Patrition Matrix [ Before Update ]\n","[[0.79555 0.0415  0.16296]\n"," [0.18257 0.57027 0.24716]\n"," [0.14574 0.23247 0.62179]\n"," [0.34854 0.36545 0.28601]\n"," [0.57265 0.1166  0.31074]\n"," [0.02539 0.89417 0.08044]\n"," [0.31384 0.10865 0.57751]\n"," [0.21754 0.08847 0.69399]\n"," [0.11314 0.15518 0.73169]\n"," [0.74284 0.07492 0.18224]]\n",".\n","New K-Means >>>  [(4.803757187675883, 6.592158486976389), (16.33193333025054, 9.761377457516954), (10.081186008252029, 4.2942689418772755)]\n","Patrition Matrix [ After Update ]\n","[[0.73074 0.05514 0.21412]\n"," [0.14853 0.64643 0.20504]\n"," [0.11572 0.14318 0.74109]\n"," [0.33775 0.40067 0.26158]\n"," [0.61094 0.08962 0.29945]\n"," [0.06501 0.7202  0.21479]\n"," [0.24899 0.07067 0.68035]\n"," [0.13596 0.04615 0.81789]\n"," [0.14723 0.15746 0.6953 ]\n"," [0.81746 0.04929 0.13324]]\n","Continue>>\n","\n",">>> Current Loop  3 .\n","Patrition Matrix [ Before Update ]\n","[[0.73074 0.05514 0.21412]\n"," [0.14853 0.64643 0.20504]\n"," [0.11572 0.14318 0.74109]\n"," [0.33775 0.40067 0.26158]\n"," [0.61094 0.08962 0.29945]\n"," [0.06501 0.7202  0.21479]\n"," [0.24899 0.07067 0.68035]\n"," [0.13596 0.04615 0.81789]\n"," [0.14723 0.15746 0.6953 ]\n"," [0.81746 0.04929 0.13324]]\n",".\n","New K-Means >>>  [(4.092985948660735, 6.509899124622827), (17.45637486847965, 11.452167783691163), (10.09089615908457, 3.6465462506171704)]\n","Patrition Matrix [ After Update ]\n","[[0.68383 0.06018 0.25599]\n"," [0.10869 0.73847 0.15284]\n"," [0.09231 0.08426 0.82343]\n"," [0.32697 0.42872 0.2443 ]\n"," [0.64499 0.06776 0.28725]\n"," [0.11132 0.51324 0.37544]\n"," [0.19083 0.04382 0.76534]\n"," [0.07898 0.02181 0.89921]\n"," [0.17387 0.13554 0.69058]\n"," [0.87859 0.02965 0.09177]]\n","Continue>>\n","\n",">>> Current Loop  4 .\n","Patrition Matrix [ Before Update ]\n","[[0.68383 0.06018 0.25599]\n"," [0.10869 0.73847 0.15284]\n"," [0.09231 0.08426 0.82343]\n"," [0.32697 0.42872 0.2443 ]\n"," [0.64499 0.06776 0.28725]\n"," [0.11132 0.51324 0.37544]\n"," [0.19083 0.04382 0.76534]\n"," [0.07898 0.02181 0.89921]\n"," [0.17387 0.13554 0.69058]\n"," [0.87859 0.02965 0.09177]]\n",".\n","New K-Means >>>  [(3.5841586855715155, 6.38689615442386), (19.022323822581836, 13.481438295634637), (10.174567788688288, 3.39214246729897)]\n","Patrition Matrix [ After Update ]\n","[[0.65041 0.05316 0.29643]\n"," [0.0643  0.84214 0.09355]\n"," [0.07988 0.05128 0.86883]\n"," [0.3312  0.41675 0.25205]\n"," [0.67964 0.05048 0.26988]\n"," [0.14606 0.32807 0.52587]\n"," [0.1719  0.03008 0.79802]\n"," [0.06309 0.01319 0.92372]\n"," [0.17977 0.09358 0.72666]\n"," [0.91591 0.01761 0.06647]]\n","Continue>>\n","\n",">>> Current Loop  5 .\n","Patrition Matrix [ Before Update ]\n","[[0.65041 0.05316 0.29643]\n"," [0.0643  0.84214 0.09355]\n"," [0.07988 0.05128 0.86883]\n"," [0.3312  0.41675 0.25205]\n"," [0.67964 0.05048 0.26988]\n"," [0.14606 0.32807 0.52587]\n"," [0.1719  0.03008 0.79802]\n"," [0.06309 0.01319 0.92372]\n"," [0.17977 0.09358 0.72666]\n"," [0.91591 0.01761 0.06647]]\n",".\n","New K-Means >>>  [(3.3053127306520014, 6.2526043358026815), (20.888627217182233, 15.01825339584985), (10.352074842875645, 3.502301967155233)]\n","Patrition Matrix [ After Update ]\n","[[0.62506 0.04312 0.33182]\n"," [0.02925 0.92612 0.04463]\n"," [0.07366 0.03563 0.89071]\n"," [0.35432 0.36083 0.28485]\n"," [0.71091 0.03951 0.24959]\n"," [0.15514 0.21526 0.6296 ]\n"," [0.18709 0.02561 0.7873 ]\n"," [0.07392 0.01201 0.91407]\n"," [0.16415 0.06053 0.77532]\n"," [0.93311 0.01192 0.05497]]\n","Continue>>\n","\n",">>> Current Loop  6 .\n","Patrition Matrix [ Before Update ]\n","[[0.62506 0.04312 0.33182]\n"," [0.02925 0.92612 0.04463]\n"," [0.07366 0.03563 0.89071]\n"," [0.35432 0.36083 0.28485]\n"," [0.71091 0.03951 0.24959]\n"," [0.15514 0.21526 0.6296 ]\n"," [0.18709 0.02561 0.7873 ]\n"," [0.07392 0.01201 0.91407]\n"," [0.16415 0.06053 0.77532]\n"," [0.93311 0.01192 0.05497]]\n",".\n","New K-Means >>>  [(3.1754405868825257, 6.174411302856998), (22.411792695855507, 15.627219016886125), (10.54740960461536, 3.776467919606726)]\n","Patrition Matrix [ After Update ]\n","[[0.60566 0.03679 0.35755]\n"," [0.01158 0.96991 0.01851]\n"," [0.07225 0.03002 0.89773]\n"," [0.37258 0.30977 0.31764]\n"," [0.7323  0.03431 0.23338]\n"," [0.14846 0.16124 0.6903 ]\n"," [0.21534 0.02556 0.7591 ]\n"," [0.09622 0.01352 0.89026]\n"," [0.13996 0.04234 0.8177 ]\n"," [0.94031 0.00955 0.05014]]\n","Continue>>\n","\n",">>> Current Loop  7 .\n","Patrition Matrix [ Before Update ]\n","[[0.60566 0.03679 0.35755]\n"," [0.01158 0.96991 0.01851]\n"," [0.07225 0.03002 0.89773]\n"," [0.37258 0.30977 0.31764]\n"," [0.7323  0.03431 0.23338]\n"," [0.14846 0.16124 0.6903 ]\n"," [0.21534 0.02556 0.7591 ]\n"," [0.09622 0.01352 0.89026]\n"," [0.13996 0.04234 0.8177 ]\n"," [0.94031 0.00955 0.05014]]\n",".\n","New K-Means >>>  [(3.109947721785608, 6.10681184926067), (23.222313949487113, 15.804980080194685), (10.702130680110209, 4.050206215834432)]\n","Patrition Matrix [ After Update ]\n","[[0.58948 0.03404 0.37647]\n"," [0.00546 0.98546 0.00908]\n"," [0.07418 0.02883 0.89699]\n"," [0.37711 0.2839  0.339  ]\n"," [0.74739 0.032   0.22061]\n"," [0.13866 0.13583 0.7255 ]\n"," [0.24263 0.0269  0.73047]\n"," [0.11916 0.01564 0.86521]\n"," [0.11833 0.03288 0.84879]\n"," [0.94318 0.00867 0.04815]]\n","Continue>>\n","\n",">>> Current Loop  8 .\n","Patrition Matrix [ Before Update ]\n","[[0.58948 0.03404 0.37647]\n"," [0.00546 0.98546 0.00908]\n"," [0.07418 0.02883 0.89699]\n"," [0.37711 0.2839  0.339  ]\n"," [0.74739 0.032   0.22061]\n"," [0.13866 0.13583 0.7255 ]\n"," [0.24263 0.0269  0.73047]\n"," [0.11916 0.01564 0.86521]\n"," [0.11833 0.03288 0.84879]\n"," [0.94318 0.00867 0.04815]]\n",".\n","New K-Means >>>  [(3.0608948075667732, 6.007955897286501), (23.546806038547437, 15.863854250672505), (10.810827233394082, 4.262571349072644)]\n","Patrition Matrix [ After Update ]\n","[[0.57407 0.03333 0.3926 ]\n"," [0.00363 0.99015 0.00622]\n"," [0.07713 0.02919 0.89368]\n"," [0.37365 0.27396 0.35238]\n"," [0.76071 0.03059 0.2087 ]\n"," [0.13024 0.12329 0.74646]\n"," [0.26492 0.02833 0.70675]\n"," [0.13812 0.01756 0.84432]\n"," [0.10232 0.02776 0.86992]\n"," [0.94399 0.00841 0.0476 ]]\n","Continue>>\n","\n",">>> Current Loop  9 .\n","Patrition Matrix [ Before Update ]\n","[[0.57407 0.03333 0.3926 ]\n"," [0.00363 0.99015 0.00622]\n"," [0.07713 0.02919 0.89368]\n"," [0.37365 0.27396 0.35238]\n"," [0.76071 0.03059 0.2087 ]\n"," [0.13024 0.12329 0.74646]\n"," [0.26492 0.02833 0.70675]\n"," [0.13812 0.01756 0.84432]\n"," [0.10232 0.02776 0.86992]\n"," [0.94399 0.00841 0.0476 ]]\n",".\n","New K-Means >>>  [(3.013959108645924, 5.888017634176698), (23.664241178974205, 15.887931690037584), (10.884725312424903, 4.418640369839778)]\n","Patrition Matrix [ After Update ]\n","[[0.55904 0.03347 0.40749]\n"," [0.00304 0.99161 0.00534]\n"," [0.08001 0.02997 0.89002]\n"," [0.36752 0.27071 0.36177]\n"," [0.7731  0.02938 0.19752]\n"," [0.12375 0.11639 0.75986]\n"," [0.28241 0.02948 0.68811]\n"," [0.15281 0.01909 0.8281 ]\n"," [0.09084 0.02467 0.88449]\n"," [0.94372 0.00843 0.04785]]\n","Continue>>\n","\n",">>> Current Loop  10 .\n","Patrition Matrix [ Before Update ]\n","[[0.55904 0.03347 0.40749]\n"," [0.00304 0.99161 0.00534]\n"," [0.08001 0.02997 0.89002]\n"," [0.36752 0.27071 0.36177]\n"," [0.7731  0.02938 0.19752]\n"," [0.12375 0.11639 0.75986]\n"," [0.28241 0.02948 0.68811]\n"," [0.15281 0.01909 0.8281 ]\n"," [0.09084 0.02467 0.88449]\n"," [0.94372 0.00843 0.04785]]\n",".\n","New K-Means >>>  [(2.9694689848451543, 5.767465375924682), (23.706411067275496, 15.9001080721745), (10.935125064670462, 4.5367100044543225)]\n","Patrition Matrix [ After Update ]\n","[[0.54504 0.03388 0.42107]\n"," [0.00283 0.9921  0.00507]\n"," [0.08262 0.03081 0.88657]\n"," [0.36113 0.26989 0.36898]\n"," [0.78412 0.02829 0.1876 ]\n"," [0.1188  0.11209 0.76911]\n"," [0.29616 0.03035 0.67348]\n"," [0.16419 0.02027 0.81553]\n"," [0.08234 0.02258 0.89508]\n"," [0.94287 0.00856 0.04858]]\n","Continue>>\n","\n",">>> Current Loop  11 .\n","Patrition Matrix [ Before Update ]\n","[[0.54504 0.03388 0.42107]\n"," [0.00283 0.9921  0.00507]\n"," [0.08262 0.03081 0.88657]\n"," [0.36113 0.26989 0.36898]\n"," [0.78412 0.02829 0.1876 ]\n"," [0.1188  0.11209 0.76911]\n"," [0.29616 0.03035 0.67348]\n"," [0.16419 0.02027 0.81553]\n"," [0.08234 0.02258 0.89508]\n"," [0.94287 0.00856 0.04858]]\n",".\n","New K-Means >>>  [(2.9302746710433505, 5.657990730653499), (23.72172434143655, 15.907367811276597), (10.970002986803577, 4.629341492636947)]\n","Patrition Matrix [ After Update ]\n","[[0.53267 0.03433 0.43301]\n"," [0.00274 0.99226 0.005  ]\n"," [0.08493 0.03161 0.88346]\n"," [0.35537 0.26985 0.37478]\n"," [0.79349 0.02732 0.1792 ]\n"," [0.11501 0.10914 0.77586]\n"," [0.30711 0.03101 0.66188]\n"," [0.17316 0.0212  0.80564]\n"," [0.07585 0.02105 0.9031 ]\n"," [0.9417  0.00874 0.04956]]\n","Continue>>\n","\n",">>> Current Loop  12 .\n","Patrition Matrix [ Before Update ]\n","[[0.53267 0.03433 0.43301]\n"," [0.00274 0.99226 0.005  ]\n"," [0.08493 0.03161 0.88346]\n"," [0.35537 0.26985 0.37478]\n"," [0.79349 0.02732 0.1792 ]\n"," [0.11501 0.10914 0.77586]\n"," [0.30711 0.03101 0.66188]\n"," [0.17316 0.0212  0.80564]\n"," [0.07585 0.02105 0.9031 ]\n"," [0.9417  0.00874 0.04956]]\n",".\n","New K-Means >>>  [(2.898102854632691, 5.563779495725163), (23.727465281641297, 15.912127549950073), (10.994578017910358, 4.703606923686187)]\n","Patrition Matrix [ After Update ]\n","[[0.52219 0.03471 0.4431 ]\n"," [0.0027  0.99231 0.00499]\n"," [0.08697 0.03233 0.8807 ]\n"," [0.35048 0.27003 0.37949]\n"," [0.80121 0.02649 0.1723 ]\n"," [0.11209 0.10699 0.78093]\n"," [0.31592 0.03151 0.65257]\n"," [0.18033 0.02194 0.79773]\n"," [0.07083 0.01986 0.90931]\n"," [0.9404  0.00894 0.05066]]\n","Continue>>\n","\n",">>> Current Loop  13 .\n","Patrition Matrix [ Before Update ]\n","[[0.52219 0.03471 0.4431 ]\n"," [0.0027  0.99231 0.00499]\n"," [0.08697 0.03233 0.8807 ]\n"," [0.35048 0.27003 0.37949]\n"," [0.80121 0.02649 0.1723 ]\n"," [0.11209 0.10699 0.78093]\n"," [0.31592 0.03151 0.65257]\n"," [0.18033 0.02194 0.79773]\n"," [0.07083 0.01986 0.90931]\n"," [0.9404  0.00894 0.05066]]\n",".\n","New K-Means >>>  [(2.8730388992384186, 5.485171102014659), (23.729709684849944, 15.915447802695063), (11.012288431862943, 4.763600189450404)]\n","Patrition Matrix [ After Update ]\n","[[0.51357 0.03502 0.45141]\n"," [0.00268 0.99232 0.005  ]\n"," [0.08874 0.03296 0.8783 ]\n"," [0.34647 0.27022 0.38331]\n"," [0.80746 0.02581 0.16673]\n"," [0.10984 0.10537 0.7848 ]\n"," [0.32305 0.0319  0.64505]\n"," [0.18613 0.02252 0.79134]\n"," [0.0669  0.01893 0.91417]\n"," [0.93908 0.00914 0.05178]]\n","Continue>>\n","\n",">>> Current Loop  14 .\n","Patrition Matrix [ Before Update ]\n","[[0.51357 0.03502 0.45141]\n"," [0.00268 0.99232 0.005  ]\n"," [0.08874 0.03296 0.8783 ]\n"," [0.34647 0.27022 0.38331]\n"," [0.80746 0.02581 0.16673]\n"," [0.10984 0.10537 0.7848 ]\n"," [0.32305 0.0319  0.64505]\n"," [0.18613 0.02252 0.79134]\n"," [0.0669  0.01893 0.91417]\n"," [0.93908 0.00914 0.05178]]\n",".\n","New K-Means >>>  [(2.854259307261747, 5.420786444308857), (23.730762103859856, 15.91780286585986), (11.02533134648086, 4.812112676770308)]\n","Patrition Matrix [ After Update ]\n","[[0.50665 0.03525 0.4581 ]\n"," [0.00267 0.99233 0.00501]\n"," [0.09025 0.0335  0.87625]\n"," [0.34323 0.27036 0.38641]\n"," [0.81244 0.02526 0.1623 ]\n"," [0.1081  0.10412 0.78778]\n"," [0.32884 0.0322  0.63896]\n"," [0.19085 0.02299 0.78616]\n"," [0.06383 0.01819 0.91798]\n"," [0.93783 0.00933 0.05284]]\n","Continue>>\n","\n",">>> Current Loop  15 .\n","Patrition Matrix [ Before Update ]\n","[[0.50665 0.03525 0.4581 ]\n"," [0.00267 0.99233 0.00501]\n"," [0.09025 0.0335  0.87625]\n"," [0.34323 0.27036 0.38641]\n"," [0.81244 0.02526 0.1623 ]\n"," [0.1081  0.10412 0.78778]\n"," [0.32884 0.0322  0.63896]\n"," [0.19085 0.02299 0.78616]\n"," [0.06383 0.01819 0.91798]\n"," [0.93783 0.00933 0.05284]]\n",".\n","New K-Means >>>  [(2.8406286458184793, 5.368743282649994), (23.73153695055205, 15.919516133246427), (11.03513213547664, 4.851256384344856)]\n","Patrition Matrix [ After Update ]\n","[[0.50116 0.03543 0.46341]\n"," [0.00265 0.99233 0.00502]\n"," [0.09153 0.03394 0.87453]\n"," [0.34065 0.27045 0.3889 ]\n"," [0.81638 0.02482 0.1588 ]\n"," [0.10676 0.10314 0.7901 ]\n"," [0.33354 0.03243 0.63403]\n"," [0.19469 0.02336 0.78195]\n"," [0.06143 0.0176  0.92097]\n"," [0.9367  0.0095  0.0538 ]]\n","Continue>>\n","\n",">>> Current Loop  16 .\n","Patrition Matrix [ Before Update ]\n","[[0.50116 0.03543 0.46341]\n"," [0.00265 0.99233 0.00502]\n"," [0.09153 0.03394 0.87453]\n"," [0.34065 0.27045 0.3889 ]\n"," [0.81638 0.02482 0.1588 ]\n"," [0.10676 0.10314 0.7901 ]\n"," [0.33354 0.03243 0.63403]\n"," [0.19469 0.02336 0.78195]\n"," [0.06143 0.0176  0.92097]\n"," [0.9367  0.0095  0.0538 ]]\n",".\n","New K-Means >>>  [(2.8309320253778343, 5.327037771532286), (23.732222220485873, 15.920800259969763), (11.042667737263756, 4.882717544666986)]\n","Patrition Matrix [ After Update ]\n","[[0.49685 0.03556 0.46759]\n"," [0.00264 0.99233 0.00503]\n"," [0.0926  0.03431 0.87309]\n"," [0.33861 0.2705  0.39089]\n"," [0.81949 0.02447 0.15605]\n"," [0.10572 0.10237 0.79191]\n"," [0.33736 0.03261 0.63003]\n"," [0.19782 0.02365 0.77853]\n"," [0.05955 0.01713 0.92332]\n"," [0.93571 0.00965 0.05464]]\n","Continue>>\n","\n",">>> Current Loop  17 .\n","Patrition Matrix [ Before Update ]\n","[[0.49685 0.03556 0.46759]\n"," [0.00264 0.99233 0.00503]\n"," [0.0926  0.03431 0.87309]\n"," [0.33861 0.2705  0.39089]\n"," [0.81949 0.02447 0.15605]\n"," [0.10572 0.10237 0.79191]\n"," [0.33736 0.03261 0.63003]\n"," [0.19782 0.02365 0.77853]\n"," [0.05955 0.01713 0.92332]\n"," [0.93571 0.00965 0.05464]]\n",".\n","New K-Means >>>  [(2.824159182786805, 5.2937644195056475), (23.73288140545565, 15.921759011980553), (11.048537075986065, 4.9079662778713)]\n","Patrition Matrix [ After Update ]\n","[[0.49349 0.03565 0.47086]\n"," [0.00264 0.99233 0.00503]\n"," [0.09348 0.03461 0.87192]\n"," [0.337   0.27053 0.39248]\n"," [0.82192 0.02419 0.15388]\n"," [0.10492 0.10175 0.79333]\n"," [0.34046 0.03275 0.62679]\n"," [0.20036 0.02389 0.77575]\n"," [0.05808 0.01676 0.92516]\n"," [0.93486 0.00978 0.05536]]\n","Continue>>\n","\n",">>> Current Loop  18 .\n","Patrition Matrix [ Before Update ]\n","[[0.49349 0.03565 0.47086]\n"," [0.00264 0.99233 0.00503]\n"," [0.09348 0.03461 0.87192]\n"," [0.337   0.27053 0.39248]\n"," [0.82192 0.02419 0.15388]\n"," [0.10492 0.10175 0.79333]\n"," [0.34046 0.03275 0.62679]\n"," [0.20036 0.02389 0.77575]\n"," [0.05808 0.01676 0.92516]\n"," [0.93486 0.00978 0.05536]]\n",".\n","New K-Means >>>  [(2.8195250569507997, 5.267370312507857), (23.733474714042842, 15.92250923081365), (11.05320335015483, 4.928166716527632)]\n","Patrition Matrix [ After Update ]\n","[[0.49088 0.03572 0.4734 ]\n"," [0.00263 0.99233 0.00504]\n"," [0.0942  0.03485 0.87096]\n"," [0.33573 0.27053 0.39374]\n"," [0.82383 0.02398 0.15219]\n"," [0.10429 0.10126 0.79445]\n"," [0.34297 0.03286 0.62418]\n"," [0.20242 0.02408 0.77351]\n"," [0.05692 0.01646 0.92661]\n"," [0.93414 0.00989 0.05597]]\n","Continue>>\n","\n",">>> Current Loop  19 .\n","Patrition Matrix [ Before Update ]\n","[[0.49088 0.03572 0.4734 ]\n"," [0.00263 0.99233 0.00504]\n"," [0.0942  0.03485 0.87096]\n"," [0.33573 0.27053 0.39374]\n"," [0.82383 0.02398 0.15219]\n"," [0.10429 0.10126 0.79445]\n"," [0.34297 0.03286 0.62418]\n"," [0.20242 0.02408 0.77351]\n"," [0.05692 0.01646 0.92661]\n"," [0.93414 0.00989 0.05597]]\n",".\n","New K-Means >>>  [(2.8163623402913953, 5.24641598579278), (23.734095326915828, 15.923070019878281), (11.056903846387732, 4.944267432854192)]\n","Patrition Matrix [ After Update ]\n","[[0.48885 0.03577 0.47538]\n"," [0.00263 0.99233 0.00504]\n"," [0.09479 0.03504 0.87018]\n"," [0.33474 0.27052 0.39474]\n"," [0.82533 0.02381 0.15086]\n"," [0.1038  0.10087 0.79533]\n"," [0.34499 0.03294 0.62207]\n"," [0.20408 0.02422 0.77169]\n"," [0.05602 0.01623 0.92776]\n"," [0.93355 0.00998 0.05648]]\n","Continue>>\n","\n",">>> Current Loop  20 .\n","Patrition Matrix [ Before Update ]\n","[[0.48885 0.03577 0.47538]\n"," [0.00263 0.99233 0.00504]\n"," [0.09479 0.03504 0.87018]\n"," [0.33474 0.27052 0.39474]\n"," [0.82533 0.02381 0.15086]\n"," [0.1038  0.10087 0.79533]\n"," [0.34499 0.03294 0.62207]\n"," [0.20408 0.02422 0.77169]\n"," [0.05602 0.01623 0.92776]\n"," [0.93355 0.00998 0.05648]]\n",".\n","New K-Means >>>  [(2.8142164054269307, 5.229874951407702), (23.73467603780425, 15.923521058938174), (11.059873777523281, 4.957139512829603)]\n","Patrition Matrix [ After Update ]\n","[[0.48727 0.03581 0.47692]\n"," [0.00262 0.99234 0.00504]\n"," [0.09526 0.03519 0.86955]\n"," [0.33396 0.27051 0.39554]\n"," [0.82651 0.02367 0.14982]\n"," [0.10341 0.10056 0.79603]\n"," [0.34662 0.03301 0.62038]\n"," [0.20543 0.02434 0.77023]\n"," [0.0553  0.01604 0.92866]\n"," [0.93306 0.01005 0.05689]]\n","Continue>>\n","\n",">>> Current Loop  21 .\n","Patrition Matrix [ Before Update ]\n","[[0.48727 0.03581 0.47692]\n"," [0.00262 0.99234 0.00504]\n"," [0.09526 0.03519 0.86955]\n"," [0.33396 0.27051 0.39554]\n"," [0.82651 0.02367 0.14982]\n"," [0.10341 0.10056 0.79603]\n"," [0.34662 0.03301 0.62038]\n"," [0.20543 0.02434 0.77023]\n"," [0.0553  0.01604 0.92866]\n"," [0.93306 0.01005 0.05689]]\n",".\n","New K-Means >>>  [(2.8127674218925236, 5.21674993021576), (23.735168121922275, 15.92387041904186), (11.062249289212703, 4.967388248933004)]\n","Patrition Matrix [ After Update ]\n","[[0.48605 0.03584 0.47812]\n"," [0.00262 0.99234 0.00504]\n"," [0.09564 0.03531 0.86905]\n"," [0.33334 0.27049 0.39617]\n"," [0.82743 0.02357 0.149  ]\n"," [0.10311 0.10031 0.79658]\n"," [0.34792 0.03306 0.61902]\n"," [0.20651 0.02443 0.76905]\n"," [0.05474 0.01589 0.92937]\n"," [0.93266 0.01011 0.05723]]\n","Continue>>\n","\n",">>> Current Loop  22 .\n","Patrition Matrix [ Before Update ]\n","[[0.48605 0.03584 0.47812]\n"," [0.00262 0.99234 0.00504]\n"," [0.09564 0.03531 0.86905]\n"," [0.33334 0.27049 0.39617]\n"," [0.82743 0.02357 0.149  ]\n"," [0.10311 0.10031 0.79658]\n"," [0.34792 0.03306 0.61902]\n"," [0.20651 0.02443 0.76905]\n"," [0.05474 0.01589 0.92937]\n"," [0.93266 0.01011 0.05723]]\n",".\n","New K-Means >>>  [(2.8117992762865915, 5.20639751146062), (23.73562990537882, 15.924144105696543), (11.064167592872879, 4.975534760842852)]\n","Patrition Matrix [ After Update ]\n","[[0.48509 0.03586 0.47905]\n"," [0.00262 0.99234 0.00504]\n"," [0.09595 0.03541 0.86864]\n"," [0.33286 0.27047 0.39667]\n"," [0.82815 0.02349 0.14836]\n"," [0.10287 0.10011 0.79701]\n"," [0.34897 0.0331  0.61793]\n"," [0.20738 0.02451 0.76811]\n"," [0.0543  0.01578 0.92993]\n"," [0.93234 0.01016 0.0575 ]]\n","Continue>>\n","\n",">>> Current Loop  23 .\n","Patrition Matrix [ Before Update ]\n","[[0.48509 0.03586 0.47905]\n"," [0.00262 0.99234 0.00504]\n"," [0.09595 0.03541 0.86864]\n"," [0.33286 0.27047 0.39667]\n"," [0.82815 0.02349 0.14836]\n"," [0.10287 0.10011 0.79701]\n"," [0.34897 0.0331  0.61793]\n"," [0.20738 0.02451 0.76811]\n"," [0.0543  0.01578 0.92993]\n"," [0.93234 0.01016 0.0575 ]]\n",".\n","New K-Means >>>  [(2.8111637226953183, 5.198230827192877), (23.736018747924607, 15.924349556974965), (11.065688096331488, 4.982007948386902)]\n","Patrition Matrix [ After Update ]\n","[[0.48435 0.03587 0.47978]\n"," [0.00261 0.99235 0.00504]\n"," [0.0962  0.03549 0.86832]\n"," [0.33248 0.27046 0.39706]\n"," [0.82872 0.02342 0.14785]\n"," [0.10269 0.09996 0.79736]\n"," [0.34981 0.03313 0.61706]\n"," [0.20808 0.02457 0.76736]\n"," [0.05395 0.01568 0.93037]\n"," [0.93208 0.0102  0.05772]]\n","Continue>>\n","\n",">>> Current Loop  24 .\n","Patrition Matrix [ Before Update ]\n","[[0.48435 0.03587 0.47978]\n"," [0.00261 0.99235 0.00504]\n"," [0.0962  0.03549 0.86832]\n"," [0.33248 0.27046 0.39706]\n"," [0.82872 0.02342 0.14785]\n"," [0.10269 0.09996 0.79736]\n"," [0.34981 0.03313 0.61706]\n"," [0.20808 0.02457 0.76736]\n"," [0.05395 0.01568 0.93037]\n"," [0.93208 0.0102  0.05772]]\n",".\n","New K-Means >>>  [(2.8107665800309443, 5.1917611673368), (23.736312882411312, 15.924515441480969), (11.066930406108487, 4.9871297636257745)]\n","Patrition Matrix [ After Update ]\n","[[0.48377 0.03589 0.48034]\n"," [0.00261 0.99235 0.00504]\n"," [0.09639 0.03555 0.86806]\n"," [0.33218 0.27044 0.39737]\n"," [0.82917 0.02337 0.14746]\n"," [0.10254 0.09983 0.79763]\n"," [0.35048 0.03316 0.61636]\n"," [0.20863 0.02461 0.76675]\n"," [0.05367 0.01561 0.93072]\n"," [0.93187 0.01023 0.0579 ]]\n","Continue>>\n","\n",">>> Current Loop  25 .\n","Patrition Matrix [ Before Update ]\n","[[0.48377 0.03589 0.48034]\n"," [0.00261 0.99235 0.00504]\n"," [0.09639 0.03555 0.86806]\n"," [0.33218 0.27044 0.39737]\n"," [0.82917 0.02337 0.14746]\n"," [0.10254 0.09983 0.79763]\n"," [0.35048 0.03316 0.61636]\n"," [0.20863 0.02461 0.76675]\n"," [0.05367 0.01561 0.93072]\n"," [0.93187 0.01023 0.0579 ]]\n",".\n","New K-Means >>>  [(2.8104677080711236, 5.186643909952548), (23.736614285231937, 15.92464717769349), (11.0679239099565, 4.991210505092919)]\n","Patrition Matrix [ After Update ]\n","[[0.48331 0.03589 0.48079]\n"," [0.00261 0.99235 0.00504]\n"," [0.09655 0.03559 0.86786]\n"," [0.33195 0.27043 0.39762]\n"," [0.82952 0.02333 0.14714]\n"," [0.10242 0.09973 0.79785]\n"," [0.35101 0.03318 0.61581]\n"," [0.20908 0.02465 0.76627]\n"," [0.05346 0.01555 0.93099]\n"," [0.9317  0.01025 0.05804]]\n","Continue>>\n","\n",">>> Current Loop  26 .\n","Patrition Matrix [ Before Update ]\n","[[0.48331 0.03589 0.48079]\n"," [0.00261 0.99235 0.00504]\n"," [0.09655 0.03559 0.86786]\n"," [0.33195 0.27043 0.39762]\n"," [0.82952 0.02333 0.14714]\n"," [0.10242 0.09973 0.79785]\n"," [0.35101 0.03318 0.61581]\n"," [0.20908 0.02465 0.76627]\n"," [0.05346 0.01555 0.93099]\n"," [0.9317  0.01025 0.05804]]\n",".\n","New K-Means >>>  [(2.8102938383920772, 5.182623734072669), (23.736829158134434, 15.924764914052137), (11.068718849979998, 4.9944427155530144)]\n","Patrition Matrix [ After Update ]\n","[[0.48296 0.0359  0.48114]\n"," [0.00261 0.99235 0.00504]\n"," [0.09667 0.03563 0.8677 ]\n"," [0.33176 0.27042 0.39782]\n"," [0.8298  0.0233  0.1469 ]\n"," [0.10233 0.09965 0.79802]\n"," [0.35144 0.03319 0.61537]\n"," [0.20943 0.02468 0.76589]\n"," [0.05329 0.0155  0.93121]\n"," [0.93157 0.01027 0.05816]]\n","Continue>>\n","\n",">>> Current Loop  27 .\n","Patrition Matrix [ Before Update ]\n","[[0.48296 0.0359  0.48114]\n"," [0.00261 0.99235 0.00504]\n"," [0.09667 0.03563 0.8677 ]\n"," [0.33176 0.27042 0.39782]\n"," [0.8298  0.0233  0.1469 ]\n"," [0.10233 0.09965 0.79802]\n"," [0.35144 0.03319 0.61537]\n"," [0.20943 0.02468 0.76589]\n"," [0.05329 0.0155  0.93121]\n"," [0.93157 0.01027 0.05816]]\n",".\n","New K-Means >>>  [(2.8101680680697196, 5.1794193268366255), (23.737002930717228, 15.92485041339378), (11.069334795634104, 4.997009805226475)]\n","Patrition Matrix [ After Update ]\n","[[0.48268 0.03591 0.48141]\n"," [0.00261 0.99235 0.00504]\n"," [0.09677 0.03566 0.86757]\n"," [0.33161 0.27041 0.39797]\n"," [0.83002 0.02328 0.1467 ]\n"," [0.10226 0.09958 0.79816]\n"," [0.35178 0.0332  0.61502]\n"," [0.20971 0.0247  0.76558]\n"," [0.05315 0.01547 0.93138]\n"," [0.93146 0.01029 0.05825]]\n","Continue>>\n","\n",">>> Current Loop  28 .\n","Patrition Matrix [ Before Update ]\n","[[0.48268 0.03591 0.48141]\n"," [0.00261 0.99235 0.00504]\n"," [0.09677 0.03566 0.86757]\n"," [0.33161 0.27041 0.39797]\n"," [0.83002 0.02328 0.1467 ]\n"," [0.10226 0.09958 0.79816]\n"," [0.35178 0.0332  0.61502]\n"," [0.20971 0.0247  0.76558]\n"," [0.05315 0.01547 0.93138]\n"," [0.93146 0.01029 0.05825]]\n",".\n","New K-Means >>>  [(2.8100862393783497, 5.176871228327282), (23.737156927025243, 15.924923152187526), (11.069858979226577, 4.999036653415708)]\n","Patrition Matrix [ After Update ]\n","[[0.48246 0.03591 0.48163]\n"," [0.00261 0.99235 0.00504]\n"," [0.09685 0.03569 0.86746]\n"," [0.3315  0.27041 0.39809]\n"," [0.8302  0.02326 0.14655]\n"," [0.1022  0.09953 0.79827]\n"," [0.35205 0.03321 0.61474]\n"," [0.20994 0.02472 0.76534]\n"," [0.05304 0.01544 0.93152]\n"," [0.93138 0.0103  0.05832]]\n","Continue>>\n","\n",">>> Current Loop  29 .\n","Patrition Matrix [ Before Update ]\n","[[0.48246 0.03591 0.48163]\n"," [0.00261 0.99235 0.00504]\n"," [0.09685 0.03569 0.86746]\n"," [0.3315  0.27041 0.39809]\n"," [0.8302  0.02326 0.14655]\n"," [0.1022  0.09953 0.79827]\n"," [0.35205 0.03321 0.61474]\n"," [0.20994 0.02472 0.76534]\n"," [0.05304 0.01544 0.93152]\n"," [0.93138 0.0103  0.05832]]\n",".\n","New K-Means >>>  [(2.8100307435782175, 5.174873639764363), (23.737219628936856, 15.924975066389669), (11.07024999405618, 5.00065883920923)]\n","Patrition Matrix [ After Update ]\n","[[0.48229 0.03591 0.4818 ]\n"," [0.00261 0.99235 0.00504]\n"," [0.09691 0.03571 0.86738]\n"," [0.33141 0.2704  0.39819]\n"," [0.83033 0.02324 0.14643]\n"," [0.10216 0.09949 0.79835]\n"," [0.35226 0.03322 0.61452]\n"," [0.21012 0.02474 0.76515]\n"," [0.05296 0.01541 0.93163]\n"," [0.93131 0.01031 0.05838]]\n","Continue>>\n","\n",">>> Current Loop  30 .\n","Patrition Matrix [ Before Update ]\n","[[0.48229 0.03591 0.4818 ]\n"," [0.00261 0.99235 0.00504]\n"," [0.09691 0.03571 0.86738]\n"," [0.33141 0.2704  0.39819]\n"," [0.83033 0.02324 0.14643]\n"," [0.10216 0.09949 0.79835]\n"," [0.35226 0.03322 0.61452]\n"," [0.21012 0.02474 0.76515]\n"," [0.05296 0.01541 0.93163]\n"," [0.93131 0.01031 0.05838]]\n",".\n","New K-Means >>>  [(2.810018210735491, 5.173326872472366), (23.737347444755684, 15.925014176640898), (11.070553625357565, 5.001934164755688)]\n","Patrition Matrix [ After Update ]\n","[[0.48215 0.03592 0.48193]\n"," [0.0026  0.99236 0.00504]\n"," [0.09696 0.03572 0.86732]\n"," [0.33134 0.2704  0.39827]\n"," [0.83044 0.02323 0.14633]\n"," [0.10212 0.09946 0.79842]\n"," [0.35243 0.03323 0.61434]\n"," [0.21026 0.02475 0.76499]\n"," [0.05289 0.0154  0.93171]\n"," [0.93126 0.01032 0.05842]]\n","Continue>>\n","\n",">>> Current Loop  31 .\n","Patrition Matrix [ Before Update ]\n","[[0.48215 0.03592 0.48193]\n"," [0.0026  0.99236 0.00504]\n"," [0.09696 0.03572 0.86732]\n"," [0.33134 0.2704  0.39827]\n"," [0.83044 0.02323 0.14633]\n"," [0.10212 0.09946 0.79842]\n"," [0.35243 0.03323 0.61434]\n"," [0.21026 0.02475 0.76499]\n"," [0.05289 0.0154  0.93171]\n"," [0.93126 0.01032 0.05842]]\n",".\n","New K-Means >>>  [(2.809974372875488, 5.172078488277825), (23.73739364011463, 15.925042279530661), (11.070834099917496, 5.002957323157564)]\n","Patrition Matrix [ After Update ]\n","[[0.48205 0.03592 0.48204]\n"," [0.0026  0.99236 0.00504]\n"," [0.097   0.03573 0.86726]\n"," [0.33128 0.27039 0.39833]\n"," [0.83052 0.02322 0.14626]\n"," [0.10209 0.09943 0.79847]\n"," [0.35257 0.03323 0.6142 ]\n"," [0.21037 0.02476 0.76487]\n"," [0.05284 0.01538 0.93178]\n"," [0.93121 0.01033 0.05846]]\n","Continue>>\n","\n",">>> Current Loop  32 .\n","Patrition Matrix [ Before Update ]\n","[[0.48205 0.03592 0.48204]\n"," [0.0026  0.99236 0.00504]\n"," [0.097   0.03573 0.86726]\n"," [0.33128 0.27039 0.39833]\n"," [0.83052 0.02322 0.14626]\n"," [0.10209 0.09943 0.79847]\n"," [0.35257 0.03323 0.6142 ]\n"," [0.21037 0.02476 0.76487]\n"," [0.05284 0.01538 0.93178]\n"," [0.93121 0.01033 0.05846]]\n",".\n","New K-Means >>>  [(2.8099924057816166, 5.171087430583517), (23.737515334287085, 15.925080659955919), (11.071010277927353, 5.003769965683872)]\n","Patrition Matrix [ After Update ]\n","[[0.48196 0.03592 0.48212]\n"," [0.0026  0.99236 0.00504]\n"," [0.09704 0.03574 0.86722]\n"," [0.33123 0.27039 0.39838]\n"," [0.83059 0.02321 0.1462 ]\n"," [0.10207 0.09941 0.79852]\n"," [0.35267 0.03324 0.61409]\n"," [0.21046 0.02476 0.76477]\n"," [0.0528  0.01537 0.93183]\n"," [0.93118 0.01033 0.05849]]\n","Continue>>\n","\n",">>> Current Loop  33 .\n","Patrition Matrix [ Before Update ]\n","[[0.48196 0.03592 0.48212]\n"," [0.0026  0.99236 0.00504]\n"," [0.09704 0.03574 0.86722]\n"," [0.33123 0.27039 0.39838]\n"," [0.83059 0.02321 0.1462 ]\n"," [0.10207 0.09941 0.79852]\n"," [0.35267 0.03324 0.61409]\n"," [0.21046 0.02476 0.76477]\n"," [0.0528  0.01537 0.93183]\n"," [0.93118 0.01033 0.05849]]\n",".\n","New K-Means >>>  [(2.80995282401945, 5.17028440610827), (23.737544307365944, 15.925104234911784), (11.071189014591928, 5.004413668314304)]\n","Patrition Matrix [ After Update ]\n","[[0.48189 0.03592 0.48219]\n"," [0.0026  0.99236 0.00504]\n"," [0.09706 0.03575 0.86719]\n"," [0.3312  0.27039 0.39842]\n"," [0.83065 0.02321 0.14615]\n"," [0.10205 0.0994  0.79855]\n"," [0.35276 0.03324 0.614  ]\n"," [0.21053 0.02477 0.7647 ]\n"," [0.05276 0.01536 0.93188]\n"," [0.93115 0.01034 0.05851]]\n","Continue>>\n","\n",">>> Current Loop  34 .\n","Patrition Matrix [ Before Update ]\n","[[0.48189 0.03592 0.48219]\n"," [0.0026  0.99236 0.00504]\n"," [0.09706 0.03575 0.86719]\n"," [0.3312  0.27039 0.39842]\n"," [0.83065 0.02321 0.14615]\n"," [0.10205 0.0994  0.79855]\n"," [0.35276 0.03324 0.614  ]\n"," [0.21053 0.02477 0.7647 ]\n"," [0.05276 0.01536 0.93188]\n"," [0.93115 0.01034 0.05851]]\n",".\n","New K-Means >>>  [(2.8099442791556095, 5.1696483302675595), (23.737545807669772, 15.925105902952634), (11.071305977488276, 5.00492245192324)]\n","Patrition Matrix [ After Update ]\n","[[0.48184 0.03592 0.48224]\n"," [0.0026  0.99236 0.00504]\n"," [0.09708 0.03576 0.86716]\n"," [0.33117 0.27038 0.39845]\n"," [0.83069 0.0232  0.14611]\n"," [0.10204 0.09939 0.79858]\n"," [0.35283 0.03324 0.61393]\n"," [0.21059 0.02477 0.76464]\n"," [0.05274 0.01535 0.93191]\n"," [0.93113 0.01034 0.05853]]\n","Continue>>\n","\n",">>> Current Loop  35 .\n","Patrition Matrix [ Before Update ]\n","[[0.48184 0.03592 0.48224]\n"," [0.0026  0.99236 0.00504]\n"," [0.09708 0.03576 0.86716]\n"," [0.33117 0.27038 0.39845]\n"," [0.83069 0.0232  0.14611]\n"," [0.10204 0.09939 0.79858]\n"," [0.35283 0.03324 0.61393]\n"," [0.21059 0.02477 0.76464]\n"," [0.05274 0.01535 0.93191]\n"," [0.93113 0.01034 0.05853]]\n",".\n","New K-Means >>>  [(2.80995977080241, 5.169159099959272), (23.73764259994636, 15.92511675110488), (11.071412219588385, 5.005325696915244)]\n","Patrition Matrix [ After Update ]\n","[[0.4818  0.03592 0.48228]\n"," [0.0026  0.99236 0.00504]\n"," [0.0971  0.03576 0.86714]\n"," [0.33115 0.27038 0.39847]\n"," [0.83072 0.0232  0.14608]\n"," [0.10203 0.09937 0.7986 ]\n"," [0.35288 0.03324 0.61387]\n"," [0.21064 0.02478 0.76459]\n"," [0.05272 0.01535 0.93194]\n"," [0.93111 0.01034 0.05854]]\n","Continue>>\n","\n",">>> Current Loop  36 .\n","Patrition Matrix [ Before Update ]\n","[[0.4818  0.03592 0.48228]\n"," [0.0026  0.99236 0.00504]\n"," [0.0971  0.03576 0.86714]\n"," [0.33115 0.27038 0.39847]\n"," [0.83072 0.0232  0.14608]\n"," [0.10203 0.09937 0.7986 ]\n"," [0.35288 0.03324 0.61387]\n"," [0.21064 0.02478 0.76459]\n"," [0.05272 0.01535 0.93194]\n"," [0.93111 0.01034 0.05854]]\n",".\n","New K-Means >>>  [(2.8099811180899397, 5.168788072117445), (23.73766816681024, 15.925143387802917), (11.071501787753691, 5.0056415848171305)]\n","Patrition Matrix [ After Update ]\n","[[0.48177 0.03592 0.48231]\n"," [0.0026  0.99236 0.00504]\n"," [0.09711 0.03576 0.86713]\n"," [0.33113 0.27038 0.39849]\n"," [0.83075 0.0232  0.14606]\n"," [0.10202 0.09937 0.79862]\n"," [0.35293 0.03325 0.61383]\n"," [0.21067 0.02478 0.76455]\n"," [0.0527  0.01534 0.93196]\n"," [0.9311  0.01035 0.05856]]\n","Continue>>\n","\n",">>> Current Loop  37 .\n","Patrition Matrix [ Before Update ]\n","[[0.48177 0.03592 0.48231]\n"," [0.0026  0.99236 0.00504]\n"," [0.09711 0.03576 0.86713]\n"," [0.33113 0.27038 0.39849]\n"," [0.83075 0.0232  0.14606]\n"," [0.10202 0.09937 0.79862]\n"," [0.35293 0.03325 0.61383]\n"," [0.21067 0.02478 0.76455]\n"," [0.0527  0.01534 0.93196]\n"," [0.9311  0.01035 0.05856]]\n",".\n","New K-Means >>>  [(2.809971273731912, 5.168462123190248), (23.737657672895654, 15.925134970445606), (11.071570918038663, 5.00588269805246)]\n","Patrition Matrix [ After Update ]\n","[[0.48174 0.03592 0.48234]\n"," [0.0026  0.99236 0.00504]\n"," [0.09712 0.03577 0.86712]\n"," [0.33112 0.27038 0.3985 ]\n"," [0.83077 0.02319 0.14604]\n"," [0.10201 0.09936 0.79863]\n"," [0.35296 0.03325 0.61379]\n"," [0.2107  0.02478 0.76452]\n"," [0.05269 0.01534 0.93197]\n"," [0.93109 0.01035 0.05857]]\n","Continue>>\n","\n",">>> Current Loop  38 .\n","Patrition Matrix [ Before Update ]\n","[[0.48174 0.03592 0.48234]\n"," [0.0026  0.99236 0.00504]\n"," [0.09712 0.03577 0.86712]\n"," [0.33112 0.27038 0.3985 ]\n"," [0.83077 0.02319 0.14604]\n"," [0.10201 0.09936 0.79863]\n"," [0.35296 0.03325 0.61379]\n"," [0.2107  0.02478 0.76452]\n"," [0.05269 0.01534 0.93197]\n"," [0.93109 0.01035 0.05857]]\n",".\n","New K-Means >>>  [(2.8099645273732374, 5.168235864330918), (23.737676529467155, 15.92514867134023), (11.07162222175226, 5.006065252819686)]\n","Patrition Matrix [ After Update ]\n","[[0.48172 0.03592 0.48235]\n"," [0.0026  0.99236 0.00504]\n"," [0.09712 0.03577 0.86711]\n"," [0.33111 0.27038 0.39852]\n"," [0.83078 0.02319 0.14602]\n"," [0.10201 0.09936 0.79864]\n"," [0.35298 0.03325 0.61377]\n"," [0.21072 0.02478 0.76449]\n"," [0.05268 0.01534 0.93199]\n"," [0.93108 0.01035 0.05857]]\n","Continue>>\n","\n",">>> Current Loop  39 .\n","Patrition Matrix [ Before Update ]\n","[[0.48172 0.03592 0.48235]\n"," [0.0026  0.99236 0.00504]\n"," [0.09712 0.03577 0.86711]\n"," [0.33111 0.27038 0.39852]\n"," [0.83078 0.02319 0.14602]\n"," [0.10201 0.09936 0.79864]\n"," [0.35298 0.03325 0.61377]\n"," [0.21072 0.02478 0.76449]\n"," [0.05268 0.01534 0.93199]\n"," [0.93108 0.01035 0.05857]]\n",".\n","New K-Means >>>  [(2.8099639148501963, 5.16808098047527), (23.737676529467155, 15.92514867134023), (11.071672721023164, 5.006240740767429)]\n","Patrition Matrix [ After Update ]\n","[[0.48171 0.03592 0.48237]\n"," [0.0026  0.99236 0.00504]\n"," [0.09713 0.03577 0.8671 ]\n"," [0.3311  0.27038 0.39852]\n"," [0.8308  0.02319 0.14601]\n"," [0.102   0.09935 0.79865]\n"," [0.353   0.03325 0.61375]\n"," [0.21074 0.02479 0.76447]\n"," [0.05267 0.01533 0.932  ]\n"," [0.93107 0.01035 0.05858]]\n","Continue>>\n","\n",">>> Current Loop  40 .\n","Patrition Matrix [ Before Update ]\n","[[0.48171 0.03592 0.48237]\n"," [0.0026  0.99236 0.00504]\n"," [0.09713 0.03577 0.8671 ]\n"," [0.3311  0.27038 0.39852]\n"," [0.8308  0.02319 0.14601]\n"," [0.102   0.09935 0.79865]\n"," [0.353   0.03325 0.61375]\n"," [0.21074 0.02479 0.76447]\n"," [0.05267 0.01533 0.932  ]\n"," [0.93107 0.01035 0.05858]]\n",".\n","New K-Means >>>  [(2.8099658055982615, 5.167901286431263), (23.73768954